                     CLIMATOLOGICAL SUMMARY for year 2024


NAME: Cal Sailing Club
ELEV: 13 feet    LAT: 37-51.55 N    LONG: 122-18.96 W


                                       TEMPERATURE (F)

                              HEAT    COOL                              MAX    MAX    MIN    MIN
          MEAN   MEAN         DEG     DEG                                >=     <=     <=     <=
 YR  MO   MAX    MIN    MEAN  DAYS    DAYS      HI  DAY     LOW  DAY     90     32     32      0
------------------------------------------------------------------------------------------------
2024 01   58.4   48.8   53.3  351.0    0.0    68.0   29    41.0   07      0      0      0      0
2024 02   57.9   49.4   53.3  339.5    0.0    69.6   24    42.1   08      0      0      0      0
2024 03   57.5   50.8   53.9  343.4    0.0    72.3   15    45.5   02      0      0      0      0
2024 04   58.1   51.0   54.0  327.1    0.0    64.2   28    42.1   04      0      0      0      0
2024 05   59.0   52.6   55.5  297.7    2.9    79.3   09    48.5   04      0      0      0      0
2024 06   60.1   53.8   56.5  256.0    0.0    71.8   17    50.5   20      0      0      0      0
2024 07   61.2   56.4   58.6  197.3    0.0    66.0   02    54.0   13      0      0      0      0
2024 08   62.5   56.7   59.2  179.2    0.0    68.5   15    53.2   09      0      0      0      0
2024 09   61.9   56.3   58.9  184.3    0.0    68.7   23    54.0   13      0      0      0      0
2024 10   65.7   57.1   60.9  142.9   19.2    80.6   02    51.3   29      0      0      0      0
2024 11   59.8   51.1   55.3  290.3    0.0    70.5   03    45.3   19      0      0      0      0
2024 12   58.4   48.5   52.7  381.7    0.0    69.4   01    42.6   18      0      0      0      0
------------------------------------------------------------------------------------------------
          60.1   52.7   56.0 3290.5   22.1    80.6  Oct    41.0  Jan      0      0      0      0


                  PRECIPITATION (in)

                  MAX         ---DAYS OF RAIN---
                  OBS.               OVER
 YR  MO  TOTAL    DAY  DATE   0.01   0.10   1.00
------------------------------------------------
2024 01   3.85   1.97    31     11      5      1
2024 02   9.32   2.22    19     11     10      4
2024 03   6.60   4.32    01     11      5      2
2024 04   1.15   0.56    13      7      3      0
2024 05   3.03   2.92    04      3      1      1
2024 06   1.57   1.13    25      4      3      1
2024 07   0.10   0.04    14      3      0      0
2024 08   0.40   0.22    24      7      1      0
2024 09   2.61   1.57    15      3      3      1
2024 10   1.60   1.56    28      3      1      1
2024 11  83.89  42.60    20     11      8      3
2024 12  59.22  36.04    14     12      8      5
------------------------------------------------
        173.34  42.60   Nov     86     48     19


           WIND SPEED (knots)

                                DOM
 YR  MO    AVG     HI   DATE    DIR
-----------------------------------
2024 01    3.7   49.7     22    168
2024 02    6.9   56.5     04    190
2024 03    8.9   71.3     01    230
2024 04    9.2   54.8     22    247
2024 05   10.4   50.7     06    241
2024 06   10.0   21.3     12    235
2024 07   10.7   21.3     16    245
2024 08    9.7   44.6     31    237
2024 09    9.6   56.0     15    245
2024 10    6.1   25.5     04    251
2024 11    6.1   56.6     20    224
2024 12    4.9   69.2     14    224
-----------------------------------
           8.0   71.3    Mar    237
