                     CLIMATOLOGICAL SUMMARY for year 2025


NAME: Cal Sailing Club
ELEV: 13 feet    LAT: 37-51.54 N    LONG: 122-18.96 W


                                       TEMPERATURE (F)

                              HEAT    COOL                              MAX    MAX    MIN    MIN
          MEAN   MEAN         DEG     DEG                                >=     <=     <=     <=
 YR  MO   MAX    MIN    MEAN  DAYS    DAYS      HI  DAY     LOW  DAY     90     32     32      0
------------------------------------------------------------------------------------------------
2025 01   57.5   46.3   51.4  419.9    0.0    68.4   23    41.5   20      0      0      0      0
2025 02   57.4   47.7   52.0  354.6    0.0    74.7   26    39.9   10      0      0      0      0
2025 03   57.2   49.0   53.1  369.9    0.0    81.3   24    43.7   14      0      0      0      0
2025 04   56.0   51.0   53.4  348.8    0.0    61.9   09    46.8   02      0      0      0      0
2025 05   59.1   53.1   55.7  290.5    0.9    79.2   05    49.6   02      0      0      0      0
2025 06   57.8   53.4   55.6  286.8    0.0    65.7   21    51.1   16      0      0      0      0
2025 07   57.4   54.1   55.8   56.4    0.0    59.4   04    52.9   01      0      0      0      0
2025 08
2025 09
2025 10
2025 11
2025 12
------------------------------------------------------------------------------------------------
          57.5   50.2   53.5 2126.8    0.9    81.3  Mar    39.9  Feb      0      0      0      0


                  PRECIPITATION (in)

                  MAX         ---DAYS OF RAIN---
                  OBS.               OVER
 YR  MO  TOTAL    DAY  DATE   0.01   0.10   1.00
------------------------------------------------
2025 01   1.63   1.39    03      4      1      1
2025 02  69.70  36.14    13     10      9      5
2025 03  61.43  19.45    12     14     11      7
2025 04   5.58   5.31    01      4      2      1
2025 05   1.47   0.36    17      8      6      0
2025 06   0.05   0.04    07      1      0      0
2025 07   0.00   0.00    01      0      0      0
2025 08
2025 09
2025 10
2025 11
2025 12
------------------------------------------------
        139.86  36.14   Feb     41     29     14


           WIND SPEED (knots)

                                DOM
 YR  MO    AVG     HI   DATE    DIR
-----------------------------------
2025 01    4.1   34.0     03    281
2025 02    6.6   68.2     13    207
2025 03    8.9   57.0     12    234
2025 04    9.4   37.4     23    244
2025 05   10.7   54.6     17    237
2025 06   11.7   53.7     19    235
2025 07   10.9   46.6     01    217
2025 08
2025 09
2025 10
2025 11
2025 12
-----------------------------------
           8.6   68.2    Feb    236
